[  3.33317555e-02   8.99036601e-03   1.00769669e-01   3.46641913e-02
   1.18904216e-02   5.03778970e-03   1.03805112e-02   2.09739082e-03
   1.85423344e-02   3.45806293e-02   3.22347969e-01   2.00339407e-01
   2.08180875e-01   3.52452733e-02   1.79404207e-02   2.26308778e-02
   8.83861929e-02   1.14830017e-01   7.43405940e-03   6.71935780e-03
   3.99539433e-03   5.04305884e-02   1.20623268e-01   2.37729177e-02
   7.42279738e-02   1.72117636e-01   1.16166472e-01   6.02523098e-03
   4.83737327e-02   1.42477015e-02   3.04433461e-02   4.59943973e-02
   1.69907957e-02   2.93156207e-02   3.87626216e-02   2.26279408e-01
   1.82161108e-01   7.17817526e-03   1.83043280e-03   1.08556487e-02
   1.18063260e-02   3.14445421e-03   1.43128466e-02   1.71166826e-02
   4.13546618e-03   6.27940670e-02   4.86886762e-02   6.69379458e-02
   4.51697081e-01   8.81188214e-01   6.62917316e-01   3.10905594e-02
   2.28703376e-02   2.04856157e-01   6.48903608e-01   1.40442178e-01
   3.17666680e-02   4.12624121e-01   2.25977540e-01   3.77496034e-01
   3.28891218e-01   4.20714885e-01   8.54789391e-02   9.64165106e-02
   3.00249495e-02   6.08964171e-03   3.85240279e-02   3.45469952e-01
   1.00000000e+00   1.89747587e-01   1.63619630e-02   5.30795008e-02
   1.12676449e-01   1.84001729e-01   5.60158491e-01   2.83941031e-01
   9.26240906e-02   1.54701635e-01   9.75765511e-02   2.07838677e-02
   9.06988531e-02   1.39793277e-01   7.16874838e-01   1.24688428e-02
   9.84969735e-03   2.92804427e-02   2.31236611e-02   1.13080136e-01
   3.39634150e-01   2.42385074e-01   2.86027044e-01   8.32012534e-01
   1.40821710e-01   2.58705840e-02   1.20355912e-01   1.42622396e-01
   1.80655226e-01   1.73160017e-01   1.47173973e-02   8.53834674e-02
   4.06744368e-02   1.71699300e-02   1.99374557e-02   5.16086072e-02
   3.62220518e-02   7.31988028e-02   1.59132466e-01   1.19666308e-01
   2.92780161e-01   6.83335513e-02   7.89772868e-02   1.16704460e-02
   2.21951865e-02   3.29303183e-02   4.18231338e-02   2.76337862e-02
   4.34477068e-03   5.37938206e-04   8.65367800e-03   9.60270222e-03
   1.54370582e-02   1.76761150e-02   8.63172710e-02   2.25565881e-01
   1.71210423e-01   1.12112956e-02   2.29139235e-02   1.21453620e-01
   4.08312418e-02   1.87896006e-02   6.44559599e-03   1.33123947e-02
   2.07184348e-02   1.28099890e-02   2.39762175e-03   2.44414024e-02
   1.56217203e-01   2.55045801e-01   2.89752126e-01   2.03584284e-01
   4.64504480e-01   1.95657551e-01   3.25136453e-01   2.05559701e-01
   1.23544700e-01   5.49844056e-02   4.80318777e-02   9.57783982e-02
   2.92066415e-03   2.33295374e-02   9.30784345e-02   2.15657637e-01
   4.15140331e-01   3.87825221e-01   6.26714714e-03   1.28919175e-02
   5.60382307e-02   5.86080141e-02   3.68646458e-02   4.12327647e-02
   5.53081073e-02   3.48793954e-01   2.28752419e-01   1.09919302e-01
   7.03617334e-02   3.09799667e-02   5.41081168e-02   1.78081691e-01
   1.72330684e-03   7.61499105e-04   7.50181731e-04   3.37517099e-03
   2.35080179e-02   3.02602947e-02   5.59504405e-02   9.95952170e-03
   2.71556955e-02   3.33082229e-01   2.13280126e-01   2.67851464e-02
   1.12635894e-02   8.44146609e-02   4.28077020e-03   4.49349522e-04
   0.00000000e+00   5.82418358e-03   3.82149555e-02   1.80718787e-02
   2.60741892e-03   4.17630607e-03   6.08811504e-04   5.42337447e-03
   1.13085727e-03   2.52754544e-03   6.83629094e-03   6.30756989e-02]
