0.011541
4.796608
4.269382
4.125217
4.001465
3.954780
3.843059
3.873255
3.787715
3.723647
3.742997
3.735429
3.715948
3.646496
3.676173
3.644753
3.625786
3.602784
3.622319
3.594854
3.576614
3.583486
3.553175
3.570855
3.540209
3.543531
3.533839
3.461025
3.513140
3.467245
3.539955
3.469377
3.471929
3.469012
3.457161
3.452087
3.446763
3.416260
3.415235
3.379130
3.456085
3.382689
3.399412
3.399698
3.427322
3.388703
3.385199
3.416963
3.386666
3.373053
3.338101
3.368530
3.351224
3.380249
3.371984
3.327798
3.356421
3.330788
3.346854
3.358050
3.282400
3.309078
3.332412
3.291317
3.287558
3.294939
3.301983
3.291988
3.257033
3.291254
3.271457
3.295711
3.256177
3.279514
3.250954
3.243400
3.237525
3.242813
3.275877
3.189297
3.234326
3.260832
3.207662
3.236507
3.229581
3.295203
3.238979
3.234641
3.244042
3.229313
3.248191
3.218119
3.172132
3.184139
3.248159
3.159302
3.210015
3.158159
3.211293
3.186310
3.167241
3.194180
3.167792
3.164854
3.194611
3.180365
3.127354
3.192677
3.177159
3.166791
3.148230
3.165680
3.147407
3.154721
3.121399
3.143693
3.153640
3.146167
3.135270
3.129822
3.116145
3.151392
3.158155
3.157190
3.106105
3.129284
3.127566
3.079635
3.151814
3.118236
3.127202
3.130202
3.110965
3.063046
3.090133
3.105610
3.059958
3.074221
3.083905
3.080052
3.065161
3.115919
3.088310
3.070494
3.153819
3.089506
3.086295
3.077356
3.082421
3.090819
3.110306
3.081119
3.052278
3.064326
3.080648
3.087728
3.028966
3.066741
3.071306
3.075958
3.026618
3.079433
3.051497
3.077696
3.059323
2.994202
3.042735
3.049662
3.043057
3.043910
3.031867
3.054120
3.065043
3.004408
3.043190
3.008951
3.044085
3.026299
3.075205
3.027493
3.031591
3.023491
3.038048
3.024290
3.079102
3.043134
3.010206
3.007847
2.974216
3.029568
3.030168
2.995067
2.992899
3.001540
2.992864
3.002158
2.983051
3.043542
2.977001
2.943898
3.000028
2.982409
3.010903
2.968167
2.942317
2.993236
2.984703
2.999005
3.023187
2.986765
2.987155
2.950909
2.999252
2.929533
3.001150
2.980068
2.974845
2.944646
2.970492
2.983666
2.994386
2.965799
2.965223
2.953427
2.987139
2.951993
2.965905
2.951319
2.948310
2.960973
2.916388
2.943258
2.915606
2.952188
2.990610
2.941955
2.953864
2.953257
2.962842
2.947902
2.981894
2.909186
2.968766
2.964692
2.933775
2.982275
2.925263
2.927485
2.940090
2.920486
2.906250
2.901563
2.927097
2.900814
2.911494
2.916680
2.888288
2.919687
2.906936
2.909299
2.871412
2.947775
2.901225
2.908241
2.898898
2.905659
2.892574
2.912698
2.915510
2.918454
2.922424
2.922987
2.939342
2.843252
2.883031
2.896324
2.887970
2.880370
2.934637
2.914214
2.946073
2.905077
2.911331
2.868009
2.899537
2.896132
2.913907
2.878151
2.911950
2.913636
2.856816
2.886513
2.862278
2.896964
2.897278
2.881185
2.873040
2.852919
2.857164
2.902864
2.897223
2.890537
2.862272
2.843794
2.896040
2.849284
2.897264
2.832882
2.837051
2.897900
2.853298
2.870389
2.833770
2.843573
2.862745
2.873360
2.901766
2.832345
2.874607
2.886119
2.851759
2.880127
2.827476
2.860014
2.821521
2.876664
2.858844
2.854181
2.842553
2.878956
2.873203
2.846121
2.826775
2.867907
2.835981
2.819997
2.834043
2.834265
2.877852
2.813948
2.859726
2.894368
2.827818
2.816101
2.845721
2.843828
2.880118
2.880308
2.836464
2.826449
2.845964
2.814033
2.860766
2.838918
2.819960
2.842784
2.836102
2.851248
2.877533
2.806301
2.834063
2.823326
2.843434
2.845319
