0.011658
4.838587
4.258592
4.073689
3.963546
3.881466
3.940178
3.832996
3.780899
3.734211
3.721065
3.684074
3.659189
3.637770
3.646762
3.563476
3.542097
3.610270
3.600037
3.541293
3.555690
3.510813
3.513794
3.479728
3.530651
3.491792
3.496030
3.504042
3.458274
3.446927
3.458108
3.453156
3.475272
3.408611
3.400504
3.399309
3.386193
3.405572
3.409725
3.374819
3.368448
3.375399
3.371932
3.324205
3.326483
3.327876
3.330971
3.352538
3.319559
3.317152
3.346198
3.321829
3.274246
3.340389
3.327119
3.294461
3.270585
3.303452
3.285693
3.306314
3.289202
3.276453
3.278459
3.282735
3.254885
3.275329
3.252364
3.228617
3.228389
3.262378
3.229054
3.233414
3.205750
3.207131
3.204010
3.194821
3.218871
3.201759
3.235950
3.202624
3.177201
3.197719
3.195543
3.161957
3.185753
3.153588
3.151907
3.163491
3.188604
3.168568
3.147963
3.175273
3.190945
3.165676
3.166408
3.155137
3.148322
3.156351
3.112075
3.130172
3.129960
3.128591
3.155800
3.113548
3.104725
3.138617
3.108331
3.112141
3.100721
3.116864
3.110202
3.122642
3.089650
3.091027
3.155431
3.085966
3.098443
3.074385
3.087802
3.080802
3.097892
3.056714
3.074492
3.134292
3.077704
3.051002
3.062116
3.094219
3.094151
3.092230
3.069698
3.065742
3.060101
3.058638
3.031965
3.063483
3.085951
3.063621
3.064538
3.064555
2.998351
3.040015
3.018874
3.012508
3.038217
3.009764
2.999370
3.025838
3.058543
3.032009
3.058849
3.074254
3.030321
3.042414
3.018818
3.036378
3.056916
3.011690
3.002814
2.985663
3.033379
3.045421
2.994538
2.963628
3.024840
2.997026
3.009056
2.983576
2.998532
2.994557
3.025289
2.959940
2.972500
2.998493
2.971003
2.995499
2.986461
2.986273
3.017192
2.980641
2.969217
2.962041
2.949203
2.948952
2.994229
3.007536
2.963561
2.972753
2.963462
2.999798
2.997881
2.994840
2.990253
2.965335
2.905943
2.970211
2.969857
2.929335
2.945727
2.956112
2.949733
2.940624
2.926847
2.974958
2.947096
2.914056
2.920423
2.899619
2.954868
2.917472
2.886378
2.933210
2.927820
2.939505
2.962064
2.913598
2.967814
2.916508
2.906294
2.919801
2.926946
2.935142
2.917150
2.877226
2.921213
2.896214
2.964349
2.915166
2.900237
2.893253
2.942126
2.913227
2.922972
2.921970
2.910491
2.930151
2.876293
2.870755
2.879722
2.904102
2.919350
2.887561
2.894249
2.883541
2.909198
2.891969
2.931854
2.868147
2.898186
2.900471
2.920601
2.908298
2.888812
2.882339
2.895104
2.903735
2.842508
2.885447
2.874023
2.850776
2.861404
2.871665
2.881827
2.836819
2.856349
2.852158
2.844020
2.862255
2.864798
2.842767
2.870573
2.843390
2.858698
2.861963
2.846857
2.884003
2.841964
2.886816
2.858649
2.864599
2.795252
2.872314
2.827235
2.852237
2.872772
2.847715
2.879903
2.906617
2.852237
2.856995
2.858074
2.852509
2.843933
2.807192
2.904105
2.814571
2.864613
2.839753
2.847112
2.820662
2.845584
2.872307
2.814787
2.797470
2.813839
2.830957
2.848401
2.838379
2.837611
2.812322
2.842127
2.830640
2.789299
2.845853
2.804422
2.838917
2.823363
2.822187
2.814303
2.782381
2.809952
2.814641
2.850025
2.831611
2.805309
2.838397
2.815488
2.796349
2.805041
2.804937
2.791908
2.824851
2.837273
2.798538
2.829771
2.816209
2.836126
2.812301
2.798959
2.771207
2.803705
2.774980
2.801186
2.771771
2.828824
2.805375
2.799965
2.831944
2.800915
2.787606
2.794261
2.789674
2.838913
2.856684
2.819650
2.795792
2.786570
2.803575
2.797881
2.803425
2.787046
2.802332
2.775262
2.827983
2.833081
2.801588
2.792196
2.799539
2.789122
2.819525
2.803248
2.776157
2.751353
2.810027
