0.011475
4.896447
4.293631
4.252162
4.134164
4.033918
3.990502
3.927342
3.784851
3.822739
3.799283
3.811907
3.729646
3.759226
3.725649
3.723745
3.820277
3.726229
3.729876
3.627101
3.631435
3.585849
3.572758
3.580941
3.202489
2.739768
2.885375
3.074586
2.973347
3.142843
3.818355
3.638711
3.651422
3.625993
3.576237
3.523927
3.481494
3.452844
3.457764
3.492107
3.476622
3.442559
3.475220
3.438366
3.521120
3.637113
3.496102
3.482961
3.437932
3.401161
3.424487
3.389839
3.406239
2.815567
2.635825
2.735841
2.863617
2.897575
3.295831
3.616158
3.496655
3.500099
3.447521
3.432200
3.361300
3.341200
3.320428
3.360443
3.328853
3.353369
3.347389
3.326288
3.316620
3.520126
3.500799
3.425367
3.362256
3.316870
3.285785
3.336188
3.264039
3.175137
2.639090
2.588664
2.638103
2.757014
2.839634
3.442254
3.490912
3.395049
3.424281
3.346969
3.321303
3.282219
3.257930
3.216638
3.271142
3.252779
3.290046
3.261531
3.245766
3.250888
3.558268
3.433040
3.334299
3.285486
3.296136
3.210250
3.246385
3.189542
3.032289
2.502226
2.529094
2.732760
2.587230
2.763534
3.625114
3.429624
3.341549
3.328140
3.263699
3.255802
3.215258
3.131267
3.167340
3.190256
3.217300
3.196873
3.215006
3.168394
3.211333
3.532334
3.361035
3.316785
3.222333
3.218002
3.151575
3.155111
3.162683
2.837900
2.371550
2.508357
2.713509
2.637122
2.816318
3.535472
3.342831
3.306371
3.265585
3.212799
3.150405
3.148972
3.105201
3.114248
3.168530
3.157669
3.124455
3.157239
3.136916
3.225227
3.540377
3.320687
3.234032
3.204489
3.156027
3.161038
3.102864
3.134753
2.606894
2.400885
2.491967
2.644514
2.656883
3.046228
3.446822
3.279531
3.254410
3.189946
3.171601
3.084761
3.098514
3.060409
3.107847
3.088632
3.120138
3.112130
3.097893
3.089920
3.308963
3.404232
3.265945
3.232378
3.162993
3.096443
3.118085
3.071451
3.029140
2.483745
2.399865
2.444823
2.574713
2.659254
3.278895
3.356306
3.202562
3.227679
3.135154
3.115270
3.076822
3.030481
3.018184
3.079399
3.038880
3.109422
3.068617
3.063343
3.064110
3.411103
3.329666
3.217739
3.173555
3.110751
3.074627
3.073556
3.026149
2.906324
2.363542
2.389733
2.583294
2.430640
2.606544
3.471933
3.303295
3.193734
3.163151
3.085567
3.104215
3.051804
2.966456
3.008941
3.014256
3.044835
3.039071
3.076215
3.023515
3.076594
3.406903
3.270089
3.202864
3.102760
3.111105
3.026383
3.030502
3.050671
2.741628
2.257482
2.395388
2.595507
2.516513
2.676522
3.434649
3.223014
3.160288
3.123072
3.072397
3.023643
3.001491
2.976404
2.964671
3.027888
3.002390
3.008232
3.045797
3.000005
3.098133
3.412871
3.253426
3.139088
3.094506
3.042953
3.046845
2.993705
3.021347
2.528053
2.300783
2.389512
2.512025
2.528249
2.918457
3.367713
3.186996
3.135090
3.094785
3.048339
2.983942
2.981847
2.950619
2.966555
2.967248
3.013080
3.008944
3.002425
2.978912
3.163129
3.380783
3.203787
3.140042
3.047295
3.010453
3.019090
2.970558
2.951859
2.402685
2.328288
2.355665
2.456393
2.559106
3.152795
3.307639
3.117617
3.126999
3.045028
3.022999
2.983862
2.930855
2.909765
2.959782
2.953222
2.989238
2.982811
2.974512
2.956854
3.315474
3.274716
3.161132
3.100814
3.055984
2.999922
3.004556
2.971300
2.849945
2.316035
2.315528
2.482571
2.340498
2.526874
3.365124
3.239185
3.117771
3.077675
