0.011506
4.929372
4.297266
4.236928
4.111765
4.024770
3.966356
3.918403
3.788993
3.801670
3.778897
3.792498
3.720135
3.729659
3.695830
3.686079
3.790693
3.693792
3.724306
3.609840
3.630713
3.578285
3.553801
3.566897
3.220366
2.705627
2.845344
3.065853
2.961723
3.137215
3.819644
3.647457
3.646525
3.623226
3.594160
3.523432
3.497323
3.457748
3.467025
3.495824
3.509392
3.450850
3.458914
3.452241
3.516666
3.624371
3.497064
3.482074
3.436776
3.408487
3.425230
3.382470
3.403545
2.803358
2.619416
2.737989
2.872027
2.872052
3.315975
3.670364
3.537151
3.503169
3.462103
3.449187
3.371708
3.369944
3.330710
3.375907
3.346755
3.378856
3.370455
3.336075
3.318502
3.516568
3.502769
3.418036
3.375290
3.340010
3.278822
3.312676
3.283078
3.188114
2.636516
2.557555
2.634970
2.763054
2.818307
3.482690
3.545093
3.421152
3.427026
3.350009
3.334361
3.287712
3.265622
3.236857
3.279939
3.244425
3.301751
3.249137
3.260424
3.247678
3.529127
3.422566
3.351161
3.292618
3.282638
3.202734
3.243287
3.204191
3.006339
2.491401
2.515340
2.727418
2.571526
2.724923
3.653935
3.450614
3.339282
3.322848
3.281011
3.261205
3.222300
3.145966
3.170646
3.193748
3.213876
3.187127
3.206022
3.184750
3.208118
3.510468
3.346201
3.319454
3.221679
3.206372
3.141148
3.142597
3.158081
2.814353
2.348903
2.488060
2.734163
2.625095
2.796979
3.577677
3.366457
3.275518
3.262949
3.226561
3.148234
3.133631
3.112567
3.108706
3.152008
3.147891
3.120183
3.155173
3.115492
3.200745
3.510242
3.297164
3.228972
3.199455
3.113417
3.126181
3.089003
3.106534
2.570439
2.364455
2.462848
2.616745
2.633896
3.037415
3.472081
3.290114
3.245526
3.193181
3.163575
3.090545
3.086847
3.042999
3.089634
3.064261
3.108080
3.111263
3.070165
3.072139
3.289197
3.369409
3.252086
3.196732
3.112976
3.070278
3.087656
3.028141
2.970796
2.445238
2.370982
2.421088
2.547862
2.623869
3.274352
3.394315
3.210944
3.213838
3.126391
3.095541
3.067108
3.035338
3.004887
3.053008
3.037709
3.071375
3.048644
3.036422
3.041217
3.384991
3.283395
3.193058
3.156005
3.102043
3.055421
3.055809
2.992308
2.869909
2.334698
2.358764
2.562439
2.386006
2.572330
3.477285
3.313154
3.184155
3.147111
3.070988
3.065150
3.042091
2.959717
2.981237
3.004317
3.038996
3.014984
3.055379
2.995473
3.043045
3.359998
3.226718
3.196620
3.074199
3.093062
3.005630
3.000404
3.009769
2.724421
2.233853
2.356508
2.575250
2.490201
2.649973
3.449564
3.244585
3.147462
3.113649
3.074126
2.996512
2.985642
2.947234
2.951112
3.007968
2.987199
2.977848
3.013637
2.980270
3.067401
3.379788
3.218013
3.118308
3.055803
3.010929
3.007296
2.958320
2.980073
2.500677
2.265333
2.361697
2.500663
2.513817
2.903015
3.388458
3.200809
3.109919
3.075491
3.022306
2.964024
2.943364
2.921758
2.948945
2.953346
2.980335
2.976553
2.965061
2.937920
3.131447
3.339694
3.165901
3.111871
3.022418
2.985626
2.994203
2.925372
2.915356
2.381434
2.296013
2.324851
2.443068
2.537282
3.156329
3.334185
3.127406
3.116914
3.027570
2.996181
2.965484
2.924805
2.891818
2.939360
2.931209
2.968977
2.953363
2.953189
2.927234
3.273128
3.226760
3.149196
3.083396
3.016531
2.948935
2.982962
2.924935
2.824581
2.291174
2.282523
2.465232
2.319495
2.487377
3.381592
3.254039
3.117186
3.070663
