0.011551
4.901798
4.304561
4.266692
4.127727
4.034667
3.992199
3.918876
3.786334
3.813636
3.776983
3.813809
3.754421
3.760956
3.702688
3.706726
3.810558
3.740963
3.737791
3.641810
3.639078
3.624563
3.622862
3.613712
3.231731
2.733671
2.867261
3.094852
3.005309
3.171484
3.821453
3.669686
3.666576
3.646481
3.588518
3.534714
3.534571
3.474444
3.485362
3.533459
3.518469
3.481959
3.499105
3.479853
3.522742
3.681660
3.540033
3.501602
3.465297
3.413159
3.450522
3.410951
3.418193
2.836565
2.652056
2.766148
2.881753
2.898506
3.320877
3.658852
3.530288
3.523511
3.490353
3.457195
3.376990
3.387448
3.338682
3.372038
3.376415
3.382126
3.389991
3.345361
3.356093
3.516288
3.532754
3.441401
3.388357
3.347869
3.301991
3.344878
3.289578
3.198629
2.638604
2.603346
2.653868
2.769254
2.851117
3.478970
3.530622
3.413621
3.446550
3.356431
3.344020
3.294785
3.267324
3.248536
3.274682
3.264330
3.311274
3.278157
3.254945
3.241578
3.575707
3.426966
3.369239
3.294293
3.293017
3.225718
3.276633
3.209620
3.048242
2.497385
2.543237
2.753044
2.585741
2.752349
3.627459
3.430521
3.352847
3.353448
3.266544
3.259243
3.226019
3.152911
3.190184
3.197494
3.222712
3.214358
3.235475
3.187811
3.227234
3.540648
3.387544
3.347468
3.230193
3.222964
3.165218
3.157965
3.174745
2.860999
2.365039
2.515937
2.746631
2.648450
2.827195
3.545349
3.346585
3.296963
3.288021
3.235052
3.154919
3.145416
3.115723
3.112468
3.182616
3.167408
3.141952
3.170740
3.143772
3.240498
3.544660
3.335176
3.242830
3.206689
3.154375
3.158441
3.108563
3.132862
2.601171
2.399643
2.503483
2.624886
2.665461
3.061454
3.449625
3.283030
3.249894
3.208164
3.185683
3.098358
3.105858
3.061774
3.112177
3.084352
3.143385
3.130687
3.098275
3.096681
3.313505
3.420598
3.278419
3.217896
3.147093
3.093898
3.120984
3.080491
3.012611
2.485041
2.399418
2.452839
2.583502
2.647746
3.290478
3.375713
3.220399
3.230574
3.157006
3.124056
3.085680
3.041475
3.021550
3.082747
3.047065
3.106351
3.070585
3.071231
3.074254
3.402487
3.308419
3.223976
3.193201
3.110925
3.078853
3.072096
3.024399
2.893202
2.367738
2.390409
2.585596
2.420085
2.595446
3.481346
3.300400
3.202509
3.172253
3.098235
3.100443
3.059796
2.976383
3.011092
3.028707
3.062233
3.055257
3.077234
3.034080
3.068555
3.400613
3.263520
3.212893
3.091209
3.097413
3.040049
3.032330
3.036971
2.748745
2.266026
2.393324
2.606825
2.519955
2.683621
3.446157
3.236654
3.157034
3.135620
3.080670
3.020645
3.004847
2.958350
2.970134
3.038021
3.015587
3.006663
3.052359
3.002858
3.099104
3.425142
3.255221
3.154423
3.096713
3.045848
3.036910
2.992678
3.026553
2.533459
2.286182
2.390297
2.520372
2.539262
2.933867
3.361110
3.191907
3.125477
3.109146
3.054355
2.988490
2.976752
2.944712
2.976192
2.976848
3.023573
2.993752
3.012889
2.981475
3.165763
3.375795
3.211513
3.126918
3.058704
3.008795
3.019910
2.965362
2.962032
2.407197
2.329712
2.368013
2.477590
2.568291
3.152942
3.311424
3.135828
3.141582
3.054385
3.017823
2.983010
2.940941
2.921077
2.977110
2.958419
2.997141
2.980300
2.970320
2.964257
3.307517
3.260333
3.181130
3.117850
3.059978
2.996064
2.993766
2.961924
2.857079
2.316125
2.306376
2.485177
2.341764
2.522912
3.384540
3.240470
3.148009
3.087856
