0.011539
4.819122
4.228585
4.076523
3.976357
3.884584
3.955228
3.854989
3.817507
3.800034
3.796717
3.762633
3.730477
3.734313
3.696895
3.645560
3.617096
3.663457
3.662559
3.590130
3.607117
3.553480
3.571482
3.533302
3.574117
3.540426
3.536782
3.521044
3.481068
3.490656
3.516061
3.489791
3.505002
3.451853
3.437003
3.467929
3.440655
3.435814
3.435011
3.420998
3.414499
3.406579
3.407371
3.348134
3.362416
3.373695
3.367873
3.391325
3.357983
3.368227
3.399203
3.365312
3.329362
3.377711
3.358406
3.340735
3.319320
3.350353
3.322759
3.349645
3.333479
3.304651
3.311968
3.318342
3.297440
3.321327
3.308914
3.274464
3.256597
3.304178
3.272286
3.265195
3.262325
3.254787
3.251307
3.244781
3.271041
3.250902
3.290218
3.241937
3.229975
3.247002
3.241650
3.216664
3.236777
3.194896
3.190987
3.212199
3.222165
3.225646
3.198921
3.217769
3.225594
3.201183
3.201529
3.198998
3.192917
3.189490
3.171688
3.169057
3.170032
3.176256
3.192556
3.163844
3.137013
3.176363
3.133176
3.168785
3.136981
3.132603
3.148695
3.156745
3.118420
3.125928
3.177137
3.124441
3.135465
3.114351
3.138880
3.116355
3.125785
3.082556
3.112592
3.155160
3.125252
3.079630
3.092675
3.134571
3.133646
3.101408
3.102692
3.095945
3.087197
3.094037
3.079236
3.099171
3.111728
3.093691
3.098647
3.087044
3.029484
3.075067
3.066046
3.048352
3.062893
3.055900
3.044267
3.063139
3.082288
3.063158
3.076662
3.105863
3.056984
3.067682
3.055921
3.069402
3.093896
3.044006
3.039692
3.012044
3.059695
3.071191
3.028896
3.011505
3.063741
3.023100
3.030702
3.017218
3.024717
3.028425
3.035232
2.982357
2.998902
3.017086
3.006463
3.031521
3.015067
3.016596
3.037363
3.003076
3.002963
2.993345
2.988907
2.983377
3.031088
3.042433
3.008711
3.002678
2.979057
3.026041
3.028831
3.008415
2.991432
2.981909
2.931626
2.984210
2.995402
2.957084
2.975694
2.979127
2.974651
2.965671
2.950182
3.003801
2.974177
2.934668
2.973053
2.925810
2.994347
2.941784
2.933517
2.963476
2.951058
2.960398
2.985417
2.962625
2.997340
2.925369
2.934212
2.938483
2.947288
2.965515
2.952062
2.912868
2.953298
2.921903
2.993615
2.949075
2.939177
2.919689
2.955724
2.930058
2.936751
2.936257
2.928595
2.962932
2.907430
2.896317
2.897968
2.944357
2.947489
2.912072
2.921692
2.887636
2.940835
2.932706
2.955060
2.894751
2.912669
2.933167
2.941055
2.921413
2.909320
2.911954
2.922763
2.929000
2.868378
2.908617
2.895268
2.890827
2.882683
2.881538
2.898625
2.864344
2.897667
2.871029
2.863763
2.906114
2.891064
2.875274
2.896138
2.865062
2.883403
2.884324
2.872152
2.902100
2.868269
2.910448
2.892080
2.877957
2.826866
2.883632
2.857158
2.875742
2.885198
2.868113
2.902233
2.938908
2.864910
2.879298
2.876371
2.891878
2.877306
2.824894
2.926457
2.846654
2.879706
2.860792
2.870002
2.833602
2.879089
2.907176
2.837037
2.827158
2.841885
2.859247
2.871989
2.862812
2.865444
2.822834
2.862872
2.859161
2.810772
2.879417
2.842688
2.854452
2.832035
2.849865
2.838572
2.811498
2.827735
2.837908
2.863800
2.860627
2.844273
2.856764
2.843482
2.823627
2.833171
2.832708
2.807819
2.860070
2.857754
2.827818
2.845815
2.851218
2.846028
2.832913
2.816672
2.799297
2.843786
2.808799
2.822407
2.795220
2.865218
2.828033
2.816465
2.862532
2.823098
2.806693
