0.011519
4.842089
4.305633
4.135066
3.983782
3.944219
3.851295
3.868195
3.796516
3.735922
3.757940
3.767256
3.748750
3.658445
3.715801
3.681182
3.672295
3.645149
3.662796
3.645915
3.660162
3.621289
3.611543
3.623004
3.601708
3.609908
3.592418
3.506981
3.588265
3.546204
3.610877
3.537390
3.541499
3.566398
3.546686
3.519222
3.540054
3.500555
3.514517
3.472602
3.545825
3.480907
3.509138
3.509238
3.520045
3.497452
3.494474
3.487390
3.487128
3.470293
3.440050
3.472486
3.472180
3.487686
3.463648
3.435415
3.466197
3.428998
3.460469
3.470428
3.379210
3.392919
3.437786
3.408531
3.420726
3.413932
3.424284
3.408192
3.374778
3.384039
3.386346
3.423506
3.383152
3.408805
3.366467
3.384473
3.363420
3.380546
3.410040
3.322796
3.362163
3.398849
3.344672
3.377117
3.344022
3.405208
3.368741
3.348883
3.375868
3.323161
3.371360
3.353048
3.304419
3.324348
3.372067
3.297083
3.342010
3.294691
3.336244
3.315165
3.304335
3.319069
3.285879
3.309594
3.328578
3.314201
3.274242
3.313086
3.307602
3.306789
3.290522
3.289514
3.293361
3.299070
3.277845
3.290100
3.302128
3.310755
3.268288
3.277652
3.274659
3.293130
3.294452
3.285329
3.246480
3.276506
3.268558
3.221355
3.301449
3.238378
3.275108
3.269645
3.271660
3.230704
3.243455
3.264612
3.220717
3.220730
3.231517
3.212833
3.207057
3.246670
3.243373
3.228760
3.307944
3.230787
3.227691
3.237736
3.224888
3.225798
3.236483
3.230202
3.189366
3.221492
3.229344
3.217808
3.179970
3.195490
3.209809
3.208928
3.175269
3.211589
3.181134
3.222955
3.188879
3.145609
3.189793
3.188381
3.177310
3.182660
3.188523
3.204708
3.194780
3.172131
3.161327
3.138489
3.183127
3.147565
3.210908
3.163856
3.155678
3.168826
3.169235
3.183001
3.208622
3.175349
3.157455
3.147951
3.101105
3.161928
3.162121
3.109905
3.154282
3.133098
3.137988
3.146731
3.118043
3.194168
3.110830
3.093914
3.130934
3.123029
3.147529
3.103416
3.084091
3.137943
3.118304
3.147696
3.156250
3.128614
3.128581
3.088744
3.126886
3.079336
3.131456
3.120984
3.107832
3.086877
3.096887
3.121439
3.124424
3.106354
3.099445
3.075711
3.119714
3.092659
3.097258
3.102403
3.108389
3.093663
3.066311
3.070638
3.051405
3.107638
3.125921
3.073289
3.081682
3.081661
3.096490
3.077474
3.099569
3.049563
3.106808
3.092344
3.067026
3.112231
3.066570
3.078932
3.079211
3.072723
3.027574
3.049401
3.070877
3.030035
3.043218
3.060951
3.022931
3.049247
3.039268
3.034041
3.011896
3.068913
3.023722
3.025711
3.022323
3.040886
3.015531
3.039979
3.041202
3.042059
3.041251
3.057532
3.075244
2.978570
3.005296
3.010872
3.009316
3.015908
3.065312
3.040619
3.058459
3.028508
3.021068
3.009222
3.024615
3.014510
3.039814
2.997835
3.053736
3.035702
2.991913
3.024292
2.985599
3.030557
3.010773
3.020542
3.000197
2.968266
2.997201
3.017928
3.023564
2.994610
2.991102
2.967865
3.023972
2.980273
3.016924
2.964953
2.971897
3.025370
2.987586
2.993724
2.951102
2.984808
2.991050
3.004596
3.005958
2.959887
2.989094
3.005086
2.979375
2.984279
2.962545
2.987134
2.960624
2.999794
2.986274
2.981017
2.979785
3.009251
2.972721
2.974459
2.952765
2.994349
2.953156
2.947907
2.960483
2.956160
3.001255
2.945482
2.967423
3.022545
2.950757
2.933160
2.974364
2.973461
3.001766
2.998931
2.970034
2.951570
