0.011407
4.842504
4.260682
4.098337
3.968353
3.881191
3.938334
3.832689
3.789814
3.740528
3.729624
3.707709
3.680359
3.655418
3.638677
3.586548
3.557936
3.593498
3.586210
3.546330
3.547914
3.510340
3.515044
3.477452
3.539919
3.460112
3.479496
3.482351
3.444095
3.419306
3.445515
3.453427
3.439864
3.393747
3.386715
3.377760
3.375972
3.382604
3.390591
3.351486
3.364619
3.337205
3.355736
3.313572
3.315922
3.321116
3.297948
3.340662
3.312796
3.291001
3.340713
3.323306
3.259954
3.336380
3.309851
3.263127
3.255486
3.285633
3.278007
3.281510
3.274400
3.262424
3.241735
3.255681
3.229236
3.252186
3.229368
3.202992
3.192657
3.247656
3.203286
3.223760
3.199598
3.204370
3.193290
3.187214
3.215782
3.200120
3.208395
3.172817
3.150066
3.188546
3.185141
3.158059
3.173699
3.148047
3.140433
3.151331
3.176155
3.154193
3.124193
3.173963
3.175377
3.145863
3.170924
3.142340
3.150683
3.134645
3.110566
3.110524
3.124711
3.128734
3.149333
3.086322
3.084468
3.140853
3.093938
3.113221
3.079381
3.099104
3.092755
3.107964
3.072307
3.072660
3.111120
3.088338
3.094867
3.053108
3.070417
3.050942
3.074282
3.046362
3.055267
3.111617
3.055322
3.032714
3.070810
3.105031
3.080093
3.045135
3.057117
3.044098
3.047324
3.030893
3.035237
3.055430
3.062098
3.037420
3.050969
3.028423
3.002299
3.021308
3.023757
2.999477
3.025539
3.004980
2.994390
3.020625
3.036139
3.008063
3.038317
3.053412
3.019573
3.019540
2.998118
3.015935
3.033685
3.001076
2.975923
2.987765
3.004994
3.020509
2.969904
2.964146
3.018969
2.980622
3.008247
2.975544
2.992576
2.987079
3.021615
2.954429
2.960458
2.977302
2.969700
2.980957
2.986815
2.967275
3.006644
2.961911
2.965306
2.955870
2.941006
2.937469
2.996089
2.993810
2.968095
2.974244
2.954871
2.972085
2.987293
2.981973
2.963850
2.943661
2.903898
2.956919
2.946667
2.918465
2.938583
2.947612
2.909025
2.925716
2.909088
2.949191
2.935542
2.891508
2.930468
2.885660
2.953086
2.898460
2.890471
2.926172
2.922166
2.913774
2.936048
2.913664
2.966979
2.902653
2.884067
2.904966
2.914979
2.924073
2.918280
2.881193
2.909474
2.888456
2.969038
2.899056
2.894935
2.887658
2.923620
2.883550
2.903783
2.896217
2.897327
2.918916
2.864265
2.863298
2.867132
2.896987
2.909755
2.889637
2.894764
2.871210
2.902708
2.893302
2.913957
2.860090
2.878902
2.888514
2.902389
2.898236
2.885003
2.873974
2.879944
2.906106
2.838553
2.870151
2.852322
2.831371
2.835095
2.849453
2.868009
2.818913
2.846841
2.830729
2.839266
2.857888
2.847902
2.841452
2.863870
2.835645
2.831533
2.858353
2.840866
2.872515
2.835617
2.885059
2.851953
2.836591
2.780658
2.852930
2.820256
2.840237
2.863055
2.842448
2.858126
2.890591
2.831501
2.839018
2.827135
2.855829
2.843248
2.798139
2.877337
2.808986
2.842891
2.816293
2.840584
2.796422
2.843682
2.853921
2.808431
2.798963
2.796771
2.821586
2.834266
2.814964
2.825100
2.791389
2.824167
2.813602
2.781155
2.836071
2.793091
2.818464
2.800097
2.812560
2.802735
2.775517
2.800596
2.804147
2.827047
2.831895
2.795597
2.806396
2.796469
2.773094
2.804483
2.807834
2.784842
2.809776
2.826012
2.788598
2.805842
2.797261
2.819129
2.798728
2.778307
2.770702
2.801433
2.773786
2.783779
2.751061
2.816200
2.794945
2.770074
2.825050
2.790536
2.776007
